<?xml version="1.0" encoding="utf-8"?>
<!-- Generator: Adobe Illustrator 16.0.4, SVG Export Plug-In . SVG Version: 6.00 Build 0)  -->
<!DOCTYPE svg PUBLIC "-//W3C//DTD SVG 1.1//EN" "http://www.w3.org/Graphics/SVG/1.1/DTD/svg11.dtd">
<svg version="1.1" id="Layer_1" xmlns="http://www.w3.org/2000/svg" xmlns:xlink="http://www.w3.org/1999/xlink" x="0px" y="0px"
width="1000.0px"
height="1000.0px"
viewBox="0 0 1000.0 1000.0" enable-background="new 0 0 1000.0 1000.0"
xml:space="preserve">
<polygon fill="#FD5F00" points="2240,1910 2123,1892 2146,1801 1565,1708 1265,1811 501,2319 178,2442 216,2372 293,2248 388,2157 872,1787 1121,1319 989,909 914,710 998,773 1122,882 1364,1218 1514,1381 1914,1359 2186,1267 2150,1206 2120,1165 2296,1180 2358,1227 2448,1257 2787,1166 2749,1086 2720,1054 2794,1053 2935,1091 3002,1123 3219,1061 3698,955 3816,937 3790,854 3729,665 3564,198 3627,206 3975,560 4105,726 4235,890 4337,1001 4452,1025 4641,1061 4901,1066 5125,1060 5192,1070 5230,1129 5372,1257 5423,1307 5568,1410 5657,1456 5402,1649 4640,1980 3987,2228 3882,2376 3601,2909 3434,3197 3412,3187 3412,3187 3403,2809 3383,2360 3313,2188 2610,1900"/>
</svg>
